0 11.2 24.3
1 -3.5 19.4
2 -13.9 32.7
3 0.4 21.0
4 0.0 29.0
5 -19.5 18.2
6 14.0 31.6
7 -12.1 28.9
8 -13.3 30.4
9 12.3 24.4
10 -2.9 25.1
11 -27.0 26.3
12 17.2 36.7
13 -14.4 26.1
14 6.1 25.1
15 7.2 13.7
16 -7.3 18.6
17 3.3 30.9
18 11.6 46.7
19 3.6 15.3
20 -43.9 27.6
21 -1.7 35.2
22 13.1 32.2
23 13.4 23.7
24 15.5 31.4
25 -15.5 18.2
26 -2.8 19.7
27 13.8 37.2
28 7.3 16.2
29 2.9 34.3
30 -4.3 18.2
31 12.4 30.1
32 -2.9 21.3
33 -5.1 35.8
34 13.8 41.1
35 1.5 33.6
36 -16.2 30.4
37 -16.9 21.1
38 -20.8 29.3
39 -16.5 29.8
40 -1.7 18.2
41 -19.2 14.2
42 -1.4 29.6
43 13.0 33.2
44 9.0 20.5
45 10.5 25.9
46 11.2 23.0
47 9.3 22.7
48 -2.9 25.5
49 -17.2 28.1
50 12.4 20.1
51 -14.2 26.1
52 3.4 32.4
53 -29.5 21.0
54 -24.7 26.0
55 3.1 32.1
56 13.3 26.7
57 -14.3 25.9
58 -11.7 28.0
59 -0.4 32.2
60 -10.5 31.0
61 0.2 32.5
62 12.1 23.5
63 -13.6 27.7
64 13.5 34.2
65 -12.0 36.4
66 15.4 29.2
67 14.7 22.0
68 19.2 28.5
69 -10.9 28.2
70 2.8 33.3
71 16.7 54.0
72 -11.2 32.0
73 -8.3 35.5
74 13.0 25.1
75 -8.5 36.4
76 14.8 27.3
77 26.2 36.7
78 -6.8 34.4
79 -4.8 41.1
80 -17.9 39.5
81 11.0 43.5
82 6.6 40.0
83 -5.2 41.5
84 6.4 38.4
85 13.8 54.5
86 12.1 37.7
87 25.1 34.0
88 12.2 35.1
89 2.2 48.4
90 -24.5 32.6
91 13.7 51.0
92 -5.4 34.0
93 14.5 35.5
94 -18.5 35.8
95 10.9 34.5
96 27.0 46.5
97 23.5 34.3
98 -0.0 44.1
99 26.2 55.9
100 -3.6 47.5
101 11.4 34.1
102 1.1 47.3
103 29.2 44.5
104 34.2 48.3
105 -2.8 39.2
106 19.1 43.6
107 11.5 40.6
108 13.0 46.3
109 -13.0 43.2
110 17.1 43.0
111 15.9 54.4
112 28.2 41.3
113 -0.3 46.3
114 19.1 47.6
115 0.0 43.7
116 14.7 44.0
117 17.7 47.9
118 13.5 42.7
119 32.6 45.2
120 21.3 49.4
121 -9.4 52.8
122 -0.7 39.1
123 16.7 37.6
124 17.8 43.2
125 2.8 42.3
126 29.6 43.3
127 13.4 39.9
128 32.3 45.4
129 33.5 46.6
130 -18.8 38.1
131 31.0 42.6
132 29.0 44.1
133 36.1 63.6
134 3.6 44.8
135 2.2 39.0
136 13.2 40.4
137 17.8 47.5
138 16.7 47.8
139 -7.9 50.7
140 -11.4 49.5
141 22.0 49.6
142 19.3 49.3
143 -14.9 38.2
144 12.9 51.1
145 36.1 50.5
146 -11.6 48.5
147 3.9 44.5
148 19.9 42.8
149 -10.3 48.6
150 27.7 47.3
151 43.3 55.1
152 1.4 53.7
153 20.9 51.9
154 22.2 49.4
155 32.1 45.5
156 23.8 57.6
157 3.2 45.3
158 26.2 59.0
159 5.1 52.3
160 -8.8 53.8
161 35.7 52.9
162 20.4 51.9
163 16.0 50.2
164 6.4 47.0
165 24.2 53.6
166 9.4 59.7
167 6.3 48.6
168 6.1 51.6
169 26.8 65.0
170 40.6 60.4
171 25.0 53.4
172 27.1 59.4
173 18.8 48.3
174 6.9 51.3
175 37.4 53.1
176 -12.4 39.6
177 -9.1 54.8
178 4.4 45.2
179 42.1 54.5
180 41.4 54.6
181 40.4 51.7
182 -9.1 44.1
183 22.6 50.3
184 26.0 56.4
185 43.7 58.6
186 -3.7 54.0
187 28.3 54.6
188 -19.3 52.3
189 14.6 61.9
190 24.2 55.3
191 46.0 62.8
192 8.8 61.4
193 25.3 59.5
194 26.8 63.5
195 24.8 56.0
196 30.1 58.4
197 11.7 56.7
198 31.5 64.2
199 32.7 58.9
200 8.3 59.5
201 40.3 52.3
202 30.0 63.9
203 -5.3 62.3
204 41.0 66.3
205 25.0 51.1
206 8.3 55.7
207 31.8 70.3
208 6.0 54.0
209 26.0 55.2
210 28.8 56.3
211 12.8 63.8
212 26.1 56.6
213 49.8 60.4
214 51.3 66.4
215 15.7 62.3
216 10.7 62.1
217 -6.3 60.6
218 44.6 52.1
219 31.7 63.3
220 31.1 62.9
221 33.6 68.3
222 26.8 52.3
223 34.3 66.2
224 33.8 64.6
225 31.7 68.0
226 13.6 54.9
227 44.0 53.4
228 32.7 58.6
229 33.5 57.9
230 28.0 62.4
231 46.9 58.0
232 50.4 71.8
233 14.7 57.6
234 49.8 66.2
235 44.4 56.8
236 29.5 62.4
237 15.7 62.2
238 13.3 61.6
239 48.7 61.3
240 24.4 56.8
241 29.6 58.7
242 14.0 64.4
243 43.6 67.5
244 36.5 71.8
245 33.1 65.8
246 50.4 70.2
247 19.0 70.5
248 34.8 62.4
249 34.8 71.3
250 16.1 67.5
251 50.0 62.8
252 46.0 56.4
253 50.4 64.9
254 32.9 67.6
255 50.0 62.7
256 48.5 53.8
257 48.6 61.0
258 46.8 58.2
259 52.8 70.4
260 16.6 65.6
261 31.7 71.6
262 31.6 65.4
263 48.5 70.2
264 33.0 68.8
265 50.4 61.8
266 35.8 59.1
267 17.0 60.6
268 14.1 63.7
269 47.7 64.5
270 37.8 67.0
271 33.7 69.2
272 34.6 66.7
273 33.1 69.8
274 35.2 64.2
275 32.7 65.6
276 -23.3 54.1
277 50.3 63.6
278 50.2 62.4
279 16.2 60.7
280 53.7 71.4
281 35.6 64.3
282 49.5 58.3
283 18.0 68.2
284 47.6 57.0
285 51.4 62.3
286 -3.4 55.1
287 19.3 68.4
288 34.5 66.6
289 2.8 70.7
290 54.8 75.4
291 32.6 69.2
292 1.4 67.4
293 13.7 57.7
294 44.0 77.4
295 49.4 65.1
296 33.2 58.3
297 22.1 72.2
298 17.3 58.8
299 38.2 64.2
300 30.9 58.0
301 7.8 68.6
302 40.2 68.2
303 41.1 69.1
304 36.9 67.1
305 -1.1 58.4
306 18.5 65.5
307 -1.3 62.1
308 4.5 68.5
309 19.0 63.8
310 16.1 71.7
311 31.6 60.5
312 17.0 61.4
313 55.6 65.3
314 25.1 66.0
315 -15.0 62.5
316 58.1 75.0
317 60.1 68.6
318 38.9 69.8
319 56.4 70.4
320 40.1 71.2
321 35.4 67.7
322 56.6 76.3
323 58.3 73.1
324 39.3 66.0
325 54.9 63.3
326 -12.3 65.2
327 44.1 69.3
328 22.0 75.9
329 52.8 68.0
330 38.9 68.3
331 43.7 77.2
332 56.7 78.4
333 38.0 65.9
334 8.6 65.1
335 0.4 67.8
336 56.1 74.0
337 24.2 75.4
338 35.9 71.9
339 37.5 62.8
340 57.3 71.0
341 37.1 68.3
342 3.9 71.0
343 55.8 67.9
344 22.8 72.6
345 39.3 74.6
346 54.8 73.7
347 1.0 74.1
348 21.6 62.6
349 55.8 64.2
350 39.9 77.5
351 -9.1 71.2
352 22.9 75.4
353 54.6 70.1
354 -12.8 78.4
355 58.4 69.1
356 5.9 81.9
357 38.9 65.9
358 59.8 70.6
359 40.0 63.4
360 20.2 72.7
361 22.1 64.8
362 7.3 69.7
363 3.4 68.1
364 50.1 84.8
365 44.7 88.2
366 26.7 65.6
367 60.1 70.8
368 41.7 71.9
369 47.0 74.0
370 38.1 67.6
371 12.7 74.6
372 28.9 76.9
373 44.6 70.4
374 23.2 70.9
375 25.0 74.4
376 -16.8 61.9
377 5.1 65.6
378 17.9 60.5
379 20.4 68.5
380 34.1 69.9
381 -19.5 65.1
382 -0.2 58.6
383 40.2 73.6
384 67.1 84.1
385 57.5 66.9
386 42.3 76.2
387 28.3 74.8
388 52.6 65.4
389 38.0 64.2
390 61.8 73.0
391 42.2 73.6
392 41.6 66.3
393 46.1 74.8
394 0.9 68.0
395 40.4 71.0
396 6.4 72.0
397 26.4 80.8
398 26.8 72.6
399 22.9 81.3
400 -22.1 71.9
401 7.5 77.4
402 30.2 76.0
403 41.5 68.6
404 42.5 67.2
405 27.1 72.4
406 62.8 71.7
407 41.8 63.7
408 -10.7 67.9
409 44.6 69.4
410 -26.5 66.1
411 46.7 79.0
412 -30.0 66.2
413 43.0 71.7
414 42.6 70.3
415 27.3 71.9
416 37.7 72.9
417 62.8 73.6
418 -3.2 72.0
419 9.3 71.3
420 28.4 85.3
421 42.7 64.3
422 17.0 68.9
423 46.3 70.8
424 51.9 78.6
425 33.8 75.6
426 32.1 74.2
427 63.3 77.6
428 14.3 75.8
429 44.6 77.4
430 60.1 74.5
431 62.2 72.6
432 43.3 72.6
433 41.8 71.5
434 41.9 67.8
435 6.1 66.4
436 62.0 69.9
437 60.0 66.8
438 60.5 70.7
439 5.6 66.9
440 45.3 73.0
441 24.3 72.1
442 59.4 75.0
443 27.8 82.3
444 42.9 79.1
445 26.2 73.8
446 23.7 72.9
447 43.6 71.5
448 10.4 65.0
449 41.7 70.0
450 56.9 65.8
451 -11.6 79.0
452 57.2 65.3
453 39.2 79.0
454 61.9 69.5
455 44.6 75.8
456 62.2 72.0
457 62.3 78.0
458 24.3 84.0
459 42.8 69.9
460 5.8 67.9
461 63.1 69.7
462 -9.7 70.4
463 -29.8 75.3
464 28.8 71.1
465 29.5 78.1
466 49.7 85.5
467 30.5 82.0
468 64.1 72.7
469 26.0 72.8
470 26.6 74.8
471 46.3 77.8
472 61.7 76.3
473 29.0 73.5
474 33.3 85.9
475 65.6 74.9
476 47.2 87.1
477 42.0 76.1
478 23.8 67.6
479 45.0 72.8
480 44.9 76.5
481 8.8 69.5
482 30.8 72.6
483 47.8 74.3
484 45.2 77.3
485 27.6 71.6
486 48.6 74.4
487 67.8 78.2
488 68.4 75.2
489 52.5 76.7
490 50.1 77.0
491 70.1 79.1
492 68.6 76.6
493 46.6 74.9
494 66.7 77.6
495 73.6 85.5
496 50.2 81.1
497 64.4 72.2
498 49.4 78.9
499 61.5 66.3
500 66.7 74.0
501 40.5 79.3
502 67.0 78.0
503 67.2 79.4
504 38.9 72.4
505 45.9 71.5
506 68.7 84.8
507 70.5 80.9
508 53.9 88.0
509 29.3 80.7
510 49.6 80.3
511 70.3 76.1
512 30.0 77.1
513 50.1 75.3
514 48.4 79.0
515 51.6 79.5
516 46.8 69.7
517 66.8 74.7
518 42.4 69.7
519 43.8 76.0
520 42.2 72.8
521 64.0 70.8
522 49.4 76.4
523 31.9 81.8
524 65.3 76.5
525 49.4 79.1
526 45.2 70.4
527 49.6 78.9
528 63.6 75.6
529 69.5 85.3
530 63.4 72.9
531 66.3 75.5
532 48.2 76.4
533 72.9 81.0
534 27.1 76.2
535 28.0 75.5
536 71.2 76.5
537 66.5 75.6
538 53.4 78.0
539 31.4 83.4
540 48.6 79.0
541 52.5 80.4
542 71.1 82.2
543 45.1 70.0
544 52.9 85.0
545 71.2 82.9
546 68.4 79.9
547 52.8 78.3
548 48.0 71.0
549 52.0 79.5
550 71.3 79.5
551 72.1 80.0
552 69.9 82.0
553 70.0 77.7
554 53.8 82.6
555 31.8 77.4
556 51.7 81.9
557 67.3 77.8
558 51.8 77.1
559 66.9 84.3
560 49.0 75.1
561 70.8 81.8
562 48.9 74.8
563 62.5 74.7
564 52.4 81.2
565 68.6 81.8
566 53.8 79.3
567 71.0 81.9
568 70.9 79.3
569 12.1 82.4
570 49.1 77.3
571 55.3 84.6
572 71.3 78.5
573 49.2 77.5
574 67.0 79.4
575 67.5 73.5
576 68.8 76.3
577 12.2 76.2
578 54.0 82.7
579 47.2 76.8
580 52.2 85.1
581 29.7 79.6
582 11.2 77.0
583 67.9 79.0
584 27.3 79.5
585 71.0 81.9
586 71.4 80.9
587 72.1 80.0
588 17.7 81.3
589 54.2 84.5
590 31.5 81.0
591 69.5 77.2
592 47.2 80.3
593 28.6 72.3
594 69.6 78.3
595 74.0 85.0
596 73.9 80.8
597 51.7 79.9
598 35.9 82.7
599 13.0 78.1
600 14.4 74.7
601 10.7 81.1
602 36.0 80.7
603 67.2 75.2
604 48.2 77.6
605 12.3 72.4
606 30.8 79.3
607 43.7 77.8
608 28.1 73.4
609 16.3 78.2
610 48.1 76.1
611 65.4 81.1
612 71.0 82.6
613 68.1 85.4
614 29.5 82.9
615 9.6 80.2
616 46.8 77.0
617 66.7 83.0
618 54.1 78.7
619 45.2 73.4
620 5.7 73.7
621 12.3 78.8
622 30.6 93.2
623 51.4 82.4
624 19.0 78.2
625 23.9 75.1
626 28.9 69.4
627 18.1 77.6
628 59.2 66.1
629 59.3 65.9
630 12.6 67.2
631 -10.9 67.4
632 29.5 71.2
633 -1.7 76.9
634 60.8 74.7
635 17.1 72.9
636 8.0 74.9
637 47.0 73.0
638 7.0 73.5
639 12.0 77.6
640 -22.4 79.8
641 37.7 80.6
642 -5.8 80.3
643 17.9 73.8
644 2.6 86.6
645 12.3 78.3
646 30.5 77.7
647 53.2 77.5
648 34.5 79.4
649 53.0 81.2
650 31.4 85.9
651 19.4 79.8
652 15.2 79.6
653 37.2 83.6
654 -2.4 77.8
655 -14.4 83.8
656 -16.2 78.2
657 20.4 76.8
658 6.2 74.8
659 3.9 76.7
660 -8.5 85.4
661 -1.6 75.2
662 18.7 78.7
663 -1.3 66.0
664 -2.8 80.4
665 0.5 82.9
666 -63.5 72.7
667 20.4 76.5
668 20.8 77.8
669 -14.0 81.3
670 0.5 84.3
671 -24.3 81.5
672 -44.1 78.5
673 3.4 78.9
674 22.6 73.1
675 -20.9 75.0
676 -3.6 78.3
677 23.4 76.6
678 22.1 82.7
679 -17.3 77.4
680 -8.8 83.0
681 -10.2 82.8
682 6.5 79.0
683 27.8 78.5
684 -17.8 88.0
685 43.6 87.7
686 59.7 87.1
687 57.4 96.1
688 56.8 85.6
689 19.9 81.6
690 37.7 87.8
691 28.8 89.5
692 59.4 84.5
693 51.7 82.7
694 24.4 81.6
695 51.3 76.9
696 40.7 88.0
697 -11.0 85.4
698 13.9 89.2
699 9.0 84.2
700 15.6 75.9
701 43.8 89.1
702 55.1 81.4
703 9.1 82.7
704 54.4 75.0
705 74.7 88.8
706 58.9 85.0
707 56.8 80.9
708 6.3 80.0
709 75.1 84.0
710 -14.4 81.7
711 -5.3 85.6
712 -12.8 79.1
713 3.7 83.3
714 6.8 83.2
715 31.5 87.1
716 6.8 85.5
717 20.3 83.8
718 -4.9 83.6
719 21.7 87.8
720 62.2 87.6
721 -29.1 86.6
722 40.3 86.8
723 26.0 87.0
724 2.1 82.1
725 60.5 85.2
726 45.5 86.5
727 22.6 83.7
728 29.3 84.4
729 8.1 85.0
730 -24.2 80.2
731 25.6 84.5
732 5.8 78.4
733 9.5 76.0
734 -8.0 75.3
735 40.9 79.9
736 16.7 80.7
737 39.3 84.4
738 3.2 78.8
739 25.6 85.7
740 22.7 84.7
741 9.7 87.4
742 10.6 82.8
743 44.5 82.8
744 25.3 84.9
745 -29.0 79.6
746 60.2 91.3
747 -4.7 77.1
748 44.8 82.9
749 16.6 81.4
750 22.8 86.9
751 35.1 78.8
752 23.8 83.4
753 31.4 87.5
754 38.7 82.0
755 13.2 88.5
756 29.6 91.4
757 24.6 79.6
758 59.2 79.9
759 -10.3 86.8
760 -26.1 73.7
761 11.6 94.7
762 17.6 86.5
763 -34.7 87.6
764 -16.7 82.4
765 62.1 85.5
766 -9.4 80.4
767 -3.4 89.9
768 -11.4 73.4
769 40.9 84.3
770 27.2 84.1
771 4.0 90.0
772 -52.3 81.9
773 -4.8 75.7
774 -61.0 82.9
775 28.4 85.7
776 25.0 83.6
777 19.3 82.5
778 -12.3 86.5
779 19.2 75.7
780 22.9 84.9
781 10.1 82.8
782 -82.0 74.7
783 34.1 79.3
784 53.5 81.9
785 -68.2 77.8
786 6.4 80.8
787 43.9 84.8
788 -8.3 83.3
789 6.3 80.8
790 -10.3 72.6
791 -3.5 88.9
792 32.5 77.0
793 23.2 80.2
794 -18.2 81.3
795 22.7 82.3
796 -27.5 81.5
797 -23.2 84.1
798 24.7 86.5
799 55.8 78.1
800 5.9 83.2
801 -10.8 72.5
802 -32.8 73.2
803 3.2 81.1
804 43.2 80.4
805 -9.0 81.9
806 -31.9 71.5
807 -9.9 76.2
808 -52.7 72.5
809 43.2 83.0
810 60.1 86.8
811 18.9 76.1
812 -14.7 73.9
813 23.0 73.7
814 -8.6 83.5
815 15.0 83.8
816 -45.1 75.5
817 0.3 74.3
818 59.4 87.7
819 -1.1 80.9
820 40.4 76.8
821 9.5 80.9
822 -5.5 82.3
823 -12.3 81.0
824 -37.6 75.1
825 22.1 80.6
826 42.3 78.7
827 61.2 82.0
828 20.2 80.4
829 27.3 80.2
830 -8.8 79.6
831 21.6 82.6
832 -14.2 83.8
833 61.6 81.5
834 55.9 83.5
835 42.6 85.6
836 43.3 85.0
837 -26.9 82.7
838 6.2 80.4
839 33.9 74.1
840 7.6 76.8
841 6.7 82.4
842 20.5 79.7
843 27.8 85.8
844 -29.6 80.1
845 36.6 77.4
846 12.1 82.9
847 2.7 79.3
848 24.8 84.9
849 44.7 81.0
850 -10.5 80.7
851 -8.2 85.4
852 19.5 83.1
853 -23.7 75.3
854 -9.1 78.2
855 11.0 81.0
856 39.2 80.3
857 41.9 80.8
858 36.7 82.0
859 1.8 79.2
860 4.6 77.2
861 4.3 82.4
862 25.5 77.8
863 -20.7 86.0
864 36.8 82.1
865 5.1 82.4
866 9.5 80.9
867 -11.3 80.0
868 22.5 80.6
869 24.4 90.3
870 44.7 84.0
871 -9.6 77.9
872 8.6 83.0
873 -27.4 81.7
874 -12.2 78.8
875 45.1 87.7
876 30.7 86.9
877 31.7 85.8
878 -6.2 87.3
879 -6.6 86.7
880 9.3 87.8
881 -13.8 85.2
882 26.0 84.2
883 9.5 83.7
884 -24.5 80.8
885 25.2 91.9
886 24.2 82.3
887 -26.9 86.5
888 30.0 87.2
889 39.8 86.9
890 -21.6 83.6
891 23.7 86.1
892 22.3 83.9
893 -22.8 85.3
894 -54.1 74.3
895 3.2 85.0
896 45.0 87.7
897 39.2 85.7
898 -57.9 85.7
899 24.8 83.5
900 41.3 85.1
901 28.9 87.5
902 10.1 82.4
903 42.0 88.1
904 43.8 87.5
905 63.9 87.7
906 23.5 87.4
907 -11.0 82.2
908 -8.0 83.8
909 7.8 83.2
910 4.8 87.9
911 -27.6 86.1
912 29.8 86.5
913 38.3 87.7
914 -2.2 84.4
915 62.5 84.9
916 5.8 84.7
917 47.2 92.1
918 46.9 85.4
919 57.4 83.6
920 -13.8 80.8
921 43.8 86.5
922 42.9 86.6
923 27.4 83.6
924 26.3 83.8
925 2.5 85.8
926 29.9 84.1
927 28.5 83.6
928 10.9 92.3
929 23.7 79.8
930 8.3 81.6
931 46.1 83.4
932 16.0 86.7
933 -37.2 81.9
934 39.4 84.1
935 -5.8 86.4
936 46.5 86.5
937 66.8 89.2
938 42.7 84.5
939 -3.2 84.0
940 31.9 86.9
941 50.1 90.7
942 44.6 91.9
943 9.5 88.7
944 31.9 86.5
945 47.2 90.2
946 9.2 87.7
947 49.5 91.8
948 81.3 88.3
949 80.3 88.8
950 80.8 89.3
951 62.5 94.1
952 64.6 89.1
953 62.9 88.3
954 45.2 85.7
955 78.5 89.7
956 82.6 91.6
957 66.3 87.1
958 62.2 84.0
959 43.1 87.9
960 78.3 85.1
961 42.1 83.1
962 57.0 80.8
963 75.3 80.4
964 55.6 78.8
965 76.9 84.4
966 76.8 82.3
967 56.5 83.1
968 79.2 84.8
969 80.7 92.1
970 80.5 87.0
971 59.6 85.7
972 76.2 82.1
973 54.2 82.1
974 72.1 77.7
975 70.1 81.3
976 71.1 79.5
977 72.0 78.6
978 69.0 75.5
979 73.1 79.0
980 71.4 76.2
981 69.5 76.6
982 71.5 74.9
983 51.8 78.5
984 75.3 82.7
985 67.7 78.0
986 54.6 78.1
987 56.6 75.7
988 51.5 76.1
989 73.8 79.3
990 71.3 76.9
991 49.1 76.5
992 65.6 72.6
993 67.1 72.8
994 51.5 77.5
995 68.1 77.1
996 50.6 75.3
997 64.9 78.2
998 69.3 80.6
999 67.1 75.5
